Destruction
([9223372036854775807, 23], '==>', [9223372036854775807, 36])
...
([9223372036854775807, 24], '==>', [9223372036854775807, 35])
...
([9223372036854775807, 25], '==>', [9223372036854775807, 34])
...
([9223372036854775807, 27], '==>', [9223372036854775807, 33])
...
([9223372036854775807, 28], '==>', [9223372036854775807, 30])
...
([9223372036854775807, 29], '==>', [9223372036854775807, 29])
...
([9223372036854775807, 30], '==>', [9223372036854775807, 28])
...
([9223372036854775807, 33], '==>', [9223372036854775807, 36])
...
([9223372036854775807, 34], '==>', [9223372036854775807, 16])
...
([9223372036854775807, 35], '==>', [9223372036854775807, 6])
...
([9223372036854775807, 36], '==>', [4, 2])
...
Evolution
([9223372036854775807, 36], '==>', [4, 2])
...
([9223372036854775807, 35], '==>', [9223372036854775807, 6])
...
([9223372036854775807, 34], '==>', [9223372036854775807, 16])
...
([9223372036854775807, 33], '==>', [9223372036854775807, 36])
...
([9223372036854775807, 30], '==>', [9223372036854775807, 28])
...
([9223372036854775807, 29], '==>', [9223372036854775807, 29])
...
([9223372036854775807, 28], '==>', [9223372036854775807, 30])
...
([9223372036854775807, 27], '==>', [9223372036854775807, 33])
...
([9223372036854775807, 25], '==>', [9223372036854775807, 34])
...
([9223372036854775807, 24], '==>', [9223372036854775807, 35])
...
([9223372036854775807, 23], '==>', [9223372036854775807, 36])
...
